100
9
39
45
39
30
42
41
34
45
39
5
38
38
45
44
37
7
30
39
42
45
43
42
43
2
42
34
6
32
34
36
42
37
42
2
32
30
5
30
36
34
36
40
2
42
32
7
41
38
38
31
41
46
36
9
41
33
44
45
34
40
49
43
34
3
41
46
44
2
35
31
7
39
46
37
41
37
49
48
3
32
30
40
1
37
3
32
33
33
6
49
33
32
44
45
34
1
44
6
49
38
47
35
38
39
5
37
37
44
49
32
2
47
42
5
48
40
49
47
45
3
47
46
47
3
41
31
31
8
47
35
31
41
35
48
34
32
3
40
30
33
2
42
37
1
40
2
34
33
7
46
36
31
47
31
39
49
7
32
40
45
45
36
37
30
9
34
44
36
31
30
41
34
48
47
4
48
39
37
33
7
35
47
35
40
34
30
39
6
45
36
38
41
40
46
7
39
35
30
31
44
34
41
9
49
46
38
43
43
35
39
35
46
6
42
34
48
31
39
33
3
41
40
47
3
31
38
35
2
43
30
4
45
37
33
44
4
38
39
45
46
8
39
37
35
42
43
31
49
37
3
38
35
33
7
46
38
40
42
31
45
48
6
36
47
31
46
44
44
6
41
36
37
46
37
45
4
38
31
40
38
7
44
49
40
36
44
49
40
7
47
47
32
47
36
34
44
4
44
36
35
42
8
38
30
40
32
33
36
45
35
3
46
33
49
8
47
39
48
45
41
34
34
39
9
30
44
44
45
47
41
43
40
38
4
43
37
36
48
4
31
34
41
30
4
43
34
36
30
9
44
49
30
40
39
47
39
43
32
3
31
41
44
5
44
44
31
31
40
5
39
40
32
36
35
8
31
43
46
43
35
37
41
38
9
42
30
46
42
31
34
42
39
43
3
44
36
36
3
32
38
43
1
46
6
45
38
41
35
36
31
9
31
36
48
44
39
43
39
47
49
6
48
47
48
31
48
31
2
36
46
4
44
34
36
32
2
31
36
7
32
48
33
34
48
47
39
9
45
42
49
45
45
30
48
45
31
6
48
38
43
48
34
37
5
48
39
30
48
37
1
40
4
34
35
33
38
7
30
41
44
43
48
33
44
9
39
33
41
38
45
44
47
31
45
8
44
31
48
46
40
47
39
38
7
37
31
32
47
33
37
33
8
35
38
31
35
36
40
35
38
2
41
31
6
40
47
39
35
49
30
3
42
41
39
2
47
41
8
35
49
46
47
48
45
33
32
3
45
38
45
8
33
44
44
40
32
46
41
41
4
44
40
48
30
4
45
49
41
33
5
41
32
48
33
30
8
39
34
48
36
42
44
45
38
1
46
4
45
30
42
43
6
30
41
43
36
44
41
1
48
